1, 1, 0, 5, 5.0, 5, 1, 1.0, 5, 8, 8.0, 8, 0, 0.0, 5, 0, 0.0, 5, bert, bert
2, 2, 0, 5, 5.5, 6, 0, 0.5, 6, 8, 8.0, 8, 0, 1.5, 6, 0, 0.0, 6, bert, bert
3, 3, 0, 5, 5.333333333333333, 6, 0, 0.6666666666666666, 6, 8, 8.0, 8, 0, 1.0, 6, 0, 0.0, 6, bert, bert
4, 4, 0, 4, 5.0, 6, 0, 0.5, 6, 8, 8.0, 8, 0, 0.75, 6, 0, 0.0, 6, bert, bert
5, 5, 0, 4, 5.2, 6, 0, 0.6, 6, 8, 8.0, 8, 0, 0.8, 6, 0, 0.0, 6, bert, bert
6, 6, 0, 4, 5.833333333333333, 9, 0, 1.0, 9, 8, 8.0, 9, 0, 1.1666666666666667, 9, 0, 0.0, 9, bert, bert
7, 6, 1, 4, 8.571428571428571, 25, 0, 0.8571428571428571, 25, 5, 7.571428571428571, 25, 0, 1.1428571428571428, 25, 0, 0.14285714285714285, 25, bert, bert
8, 7, 1, 4, 8.25, 25, 0, 1.0, 25, 5, 7.625, 25, 0, 1.0, 25, 0, 0.125, 25, bert, bert
9, 8, 1, 4, 8.0, 25, 0, 1.0, 25, 5, 7.666666666666667, 25, 0, 1.0, 25, 0, 0.1111111111111111, 25, bert, bert
10, 9, 1, 4, 7.8, 25, 0, 1.0, 25, 5, 7.7, 25, 0, 0.9, 25, 0, 0.1, 25, bert, bert
11, 10, 1, 4, 7.636363636363637, 25, 0, 1.0, 25, 5, 7.7272727272727275, 25, 0, 1.0, 25, 0, 0.09090909090909091, 25, bert, bert
12, 11, 1, 4, 7.583333333333333, 25, 0, 1.0, 25, 5, 7.75, 25, 0, 1.1666666666666667, 25, 0, 0.08333333333333333, 25, bert, bert
13, 11, 2, 4, 8.923076923076923, 25, 0, 0.9230769230769231, 25, 5, 7.538461538461538, 25, 0, 1.2307692307692308, 25, 0, 0.15384615384615385, 25, bert, bert
14, 12, 2, 4, 8.642857142857142, 25, 0, 0.8571428571428571, 25, 5, 7.571428571428571, 25, 0, 1.2142857142857142, 25, 0, 0.14285714285714285, 25, bert, bert
15, 13, 2, 4, 8.466666666666667, 25, 0, 0.8, 25, 5, 7.6, 25, 0, 1.2666666666666666, 25, 0, 0.13333333333333333, 25, bert, bert
16, 14, 2, 4, 8.375, 25, 0, 0.875, 25, 5, 7.625, 25, 0, 1.25, 25, 0, 0.125, 25, bert, bert
17, 15, 2, 4, 8.176470588235293, 25, 0, 0.8235294117647058, 25, 5, 7.647058823529412, 25, 0, 1.2352941176470589, 25, 0, 0.11764705882352941, 25, bert, bert
18, 16, 2, 4, 8.166666666666666, 25, 0, 0.8333333333333334, 25, 5, 7.666666666666667, 25, 0, 1.3333333333333333, 25, 0, 0.1111111111111111, 25, bert, bert
19, 17, 2, 4, 8.0, 25, 0, 0.7894736842105263, 25, 5, 7.684210526315789, 25, 0, 1.368421052631579, 25, 0, 0.10526315789473684, 25, bert, bert
20, 18, 2, 4, 7.85, 25, 0, 0.75, 25, 5, 7.7, 25, 0, 1.35, 25, 0, 0.1, 25, bert, bert
21, 19, 2, 4, 7.714285714285714, 25, 0, 0.7142857142857143, 25, 5, 7.714285714285714, 25, 0, 1.3333333333333333, 25, 0, 0.09523809523809523, 25, bert, bert
22, 20, 2, 4, 7.636363636363637, 25, 0, 0.6818181818181818, 25, 5, 7.7272727272727275, 25, 0, 1.3636363636363635, 25, 0, 0.09090909090909091, 25, bert, bert
23, 21, 2, 4, 7.565217391304348, 25, 0, 0.7391304347826086, 25, 5, 7.739130434782608, 25, 0, 1.3043478260869565, 25, 0, 0.08695652173913043, 25, bert, bert
24, 22, 2, 4, 7.458333333333333, 25, 0, 0.7083333333333334, 25, 5, 7.75, 25, 0, 1.25, 25, 0, 0.08333333333333333, 25, bert, bert
25, 22, 3, 4, 8.16, 25, 0, 0.72, 25, 5, 7.72, 25, 0, 1.2, 25, 0, 0.12, 25, bert, bert
26, 23, 3, 4, 8.115384615384615, 25, 0, 0.7307692307692307, 25, 5, 7.730769230769231, 25, 0, 1.2307692307692308, 25, 0, 0.11538461538461539, 25, bert, bert
27, 24, 3, 4, 8.074074074074074, 25, 0, 0.7777777777777778, 25, 5, 7.7407407407407405, 25, 0, 1.1851851851851851, 25, 0, 0.1111111111111111, 25, bert, bert
28, 25, 3, 4, 8.071428571428571, 25, 0, 0.8214285714285714, 25, 5, 7.75, 25, 0, 1.2142857142857142, 25, 0, 0.10714285714285714, 25, bert, bert
29, 26, 3, 4, 8.0, 25, 0, 0.7931034482758621, 25, 5, 7.758620689655173, 25, 0, 1.206896551724138, 25, 0, 0.10344827586206896, 25, bert, bert
30, 27, 3, 4, 7.933333333333334, 25, 0, 0.8, 25, 5, 7.766666666666667, 25, 0, 1.2333333333333334, 25, 0, 0.1, 25, bert, bert
31, 28, 3, 4, 7.967741935483871, 25, 0, 0.8064516129032258, 25, 5, 7.774193548387097, 25, 0, 1.2903225806451613, 25, 0, 0.0967741935483871, 25, bert, bert
1, 0, 1, 25, 25.0, 25, 1, 1.0, 25, 4, 4.0, 25, 2, 2.0, 25, 1, 1.0, 25, bert, roberta
2, 0, 2, 25, 25.0, 25, 1, 2.0, 25, 4, 5.0, 25, 2, 4.0, 25, 1, 1.0, 25, bert, roberta
3, 0, 3, 25, 25.0, 25, 1, 2.6666666666666665, 25, 4, 4.666666666666667, 25, 2, 4.666666666666667, 25, 1, 1.0, 25, bert, roberta
4, 0, 4, 25, 25.0, 25, 1, 2.5, 25, 4, 4.5, 25, 2, 5.0, 25, 1, 1.0, 25, bert, roberta
5, 1, 4, 17, 23.4, 25, 1, 3.2, 25, 4, 5.2, 25, 2, 5.6, 25, 0, 0.8, 25, bert, roberta
6, 1, 5, 17, 23.666666666666668, 25, 1, 3.3333333333333335, 25, 4, 5.0, 25, 2, 5.833333333333333, 25, 0, 0.8333333333333334, 25, bert, roberta
7, 2, 5, 12, 22.0, 25, 1, 3.4285714285714284, 25, 4, 5.428571428571429, 25, 2, 5.428571428571429, 25, 0, 0.7142857142857143, 25, bert, roberta
8, 3, 5, 12, 21.0, 25, 1, 3.625, 25, 4, 5.75, 25, 2, 5.375, 25, 0, 0.625, 25, bert, roberta
9, 4, 5, 11, 19.88888888888889, 25, 1, 3.6666666666666665, 25, 4, 6.0, 25, 2, 5.222222222222222, 25, 0, 0.5555555555555556, 25, bert, roberta
10, 5, 5, 11, 19.1, 25, 1, 3.7, 25, 4, 6.2, 25, 2, 5.2, 25, 0, 0.5, 25, bert, roberta
11, 6, 5, 11, 18.636363636363637, 25, 1, 3.8181818181818183, 25, 4, 6.363636363636363, 25, 2, 5.2727272727272725, 25, 0, 0.45454545454545453, 25, bert, roberta
12, 6, 6, 11, 19.166666666666668, 25, 0, 3.5, 25, 1, 5.916666666666667, 25, 0, 4.833333333333333, 25, 0, 0.5, 25, bert, roberta
13, 6, 7, 11, 19.615384615384617, 25, 0, 3.6923076923076925, 25, 1, 6.0, 25, 0, 5.076923076923077, 25, 0, 0.5384615384615384, 25, bert, roberta
14, 6, 8, 11, 20.0, 25, 0, 3.7142857142857144, 25, 1, 5.928571428571429, 25, 0, 5.071428571428571, 25, 0, 0.5714285714285714, 25, bert, roberta
15, 7, 8, 11, 19.4, 25, 0, 3.6666666666666665, 25, 1, 6.066666666666666, 25, 0, 5.066666666666666, 25, 0, 0.5333333333333333, 25, bert, roberta
16, 7, 9, 11, 19.75, 25, 0, 3.6875, 25, 1, 5.9375, 25, 0, 5.125, 25, 0, 0.5625, 25, bert, roberta
17, 7, 10, 11, 20.058823529411764, 25, 0, 3.588235294117647, 25, 1, 5.882352941176471, 25, 0, 4.9411764705882355, 25, 0, 0.5882352941176471, 25, bert, roberta
18, 7, 11, 11, 20.333333333333332, 25, 0, 3.4444444444444446, 25, 1, 5.611111111111111, 25, 0, 4.777777777777778, 25, 0, 0.6111111111111112, 25, bert, roberta
19, 7, 12, 11, 20.57894736842105, 25, 0, 3.6315789473684212, 25, 1, 5.526315789473684, 25, 0, 4.842105263157895, 25, 0, 0.5789473684210527, 25, bert, roberta
20, 7, 13, 11, 20.8, 25, 0, 3.5, 25, 1, 5.4, 25, 0, 4.75, 25, 0, 0.6, 25, bert, roberta
21, 8, 13, 11, 20.61904761904762, 25, 0, 3.619047619047619, 25, 1, 5.523809523809524, 25, 0, 4.9523809523809526, 25, 0, 0.5714285714285714, 25, bert, roberta
22, 9, 13, 11, 20.227272727272727, 25, 0, 3.6818181818181817, 25, 1, 5.636363636363637, 25, 0, 4.954545454545454, 25, 0, 0.5454545454545454, 25, bert, roberta
23, 9, 14, 11, 20.434782608695652, 25, 0, 3.8260869565217392, 25, 1, 5.6521739130434785, 25, 0, 5.043478260869565, 25, 0, 0.5217391304347826, 25, bert, roberta
24, 10, 14, 11, 20.125, 25, 0, 3.8333333333333335, 25, 1, 5.75, 25, 0, 5.083333333333333, 25, 0, 0.5, 25, bert, roberta
25, 10, 15, 11, 20.32, 25, 0, 3.68, 25, 1, 5.6, 25, 0, 4.96, 25, 0, 0.52, 25, bert, roberta
26, 11, 15, 9, 19.884615384615383, 25, 0, 3.6153846153846154, 25, 1, 5.6923076923076925, 25, 0, 4.923076923076923, 25, 0, 0.5, 25, bert, roberta
27, 12, 15, 9, 19.51851851851852, 25, 0, 3.6666666666666665, 25, 1, 5.777777777777778, 25, 0, 4.814814814814815, 25, 0, 0.48148148148148145, 25, bert, roberta
28, 13, 15, 9, 19.214285714285715, 25, 0, 3.642857142857143, 25, 1, 5.857142857142857, 25, 0, 4.821428571428571, 25, 0, 0.4642857142857143, 25, bert, roberta
29, 13, 16, 9, 19.413793103448278, 25, 0, 3.586206896551724, 25, 1, 5.758620689655173, 25, 0, 4.758620689655173, 25, 0, 0.4827586206896552, 25, bert, roberta
30, 13, 17, 9, 19.6, 25, 0, 3.566666666666667, 25, 1, 5.766666666666667, 25, 0, 4.666666666666667, 25, 0, 0.5, 25, bert, roberta
31, 14, 17, 9, 19.387096774193548, 25, 0, 3.5483870967741935, 25, 1, 5.838709677419355, 25, 0, 4.774193548387097, 25, 0, 0.4838709677419355, 25, bert, roberta
1, 1, 0, 6, 6.0, 6, 0, 0.0, 6, 8, 8.0, 8, 2, 2.0, 6, 0, 0.0, 6, bert, distilbert
2, 2, 0, 6, 7.0, 8, 0, 0.5, 8, 8, 8.0, 8, 2, 3.0, 8, 0, 0.0, 8, bert, distilbert
3, 2, 1, 6, 13.0, 25, 0, 0.6666666666666666, 25, 4, 6.666666666666667, 25, 2, 2.6666666666666665, 25, 0, 0.3333333333333333, 25, bert, distilbert
4, 3, 1, 5, 11.0, 25, 0, 0.5, 25, 4, 7.0, 25, 1, 2.25, 25, 0, 0.25, 25, bert, distilbert
5, 4, 1, 5, 10.4, 25, 0, 0.4, 25, 4, 7.2, 25, 1, 2.4, 25, 0, 0.2, 25, bert, distilbert
6, 5, 1, 5, 10.333333333333334, 25, 0, 0.8333333333333334, 25, 4, 7.333333333333333, 25, 1, 2.5, 25, 0, 0.16666666666666666, 25, bert, distilbert
7, 6, 1, 5, 9.714285714285714, 25, 0, 0.8571428571428571, 25, 4, 7.428571428571429, 25, 0, 2.142857142857143, 25, 0, 0.14285714285714285, 25, bert, distilbert
8, 7, 1, 5, 10.125, 25, 0, 1.375, 25, 4, 7.5, 25, 0, 2.625, 25, 0, 0.125, 25, bert, distilbert
9, 8, 1, 5, 9.88888888888889, 25, 0, 1.4444444444444444, 25, 4, 7.555555555555555, 25, 0, 2.6666666666666665, 25, 0, 0.1111111111111111, 25, bert, distilbert
10, 9, 1, 5, 9.5, 25, 0, 1.3, 25, 4, 7.6, 25, 0, 2.6, 25, 0, 0.1, 25, bert, distilbert
11, 10, 1, 5, 9.363636363636363, 25, 0, 1.3636363636363635, 25, 4, 7.636363636363637, 25, 0, 2.727272727272727, 25, 0, 0.09090909090909091, 25, bert, distilbert
12, 10, 2, 5, 10.666666666666666, 25, 0, 1.3333333333333333, 25, 3, 7.25, 25, 0, 2.6666666666666665, 25, 0, 0.16666666666666666, 25, bert, distilbert
13, 11, 2, 5, 10.23076923076923, 25, 0, 1.2307692307692308, 25, 3, 7.3076923076923075, 25, 0, 2.6153846153846154, 25, 0, 0.15384615384615385, 25, bert, distilbert
14, 12, 2, 5, 10.071428571428571, 25, 0, 1.2142857142857142, 25, 3, 7.357142857142857, 25, 0, 2.642857142857143, 25, 0, 0.14285714285714285, 25, bert, distilbert
15, 13, 2, 5, 9.933333333333334, 25, 0, 1.3333333333333333, 25, 3, 7.4, 25, 0, 2.6666666666666665, 25, 0, 0.13333333333333333, 25, bert, distilbert
16, 14, 2, 5, 9.8125, 25, 0, 1.3125, 25, 3, 7.4375, 25, 0, 2.6875, 25, 0, 0.125, 25, bert, distilbert
17, 14, 3, 5, 10.705882352941176, 25, 0, 1.2941176470588236, 25, 3, 7.294117647058823, 25, 0, 2.5294117647058822, 25, 0, 0.17647058823529413, 25, bert, distilbert
18, 15, 3, 5, 10.666666666666666, 25, 0, 1.3888888888888888, 25, 3, 7.333333333333333, 25, 0, 2.6666666666666665, 25, 0, 0.16666666666666666, 25, bert, distilbert
19, 16, 3, 5, 10.421052631578947, 25, 0, 1.368421052631579, 25, 3, 7.368421052631579, 25, 0, 2.6315789473684212, 25, 0, 0.15789473684210525, 25, bert, distilbert
20, 16, 4, 5, 11.15, 25, 0, 1.35, 25, 3, 7.2, 25, 0, 2.55, 25, 0, 0.2, 25, bert, distilbert
21, 16, 5, 5, 11.80952380952381, 25, 0, 1.2857142857142858, 25, 3, 7.095238095238095, 25, 0, 2.5238095238095237, 25, 0, 0.23809523809523808, 25, bert, distilbert
22, 16, 6, 5, 12.409090909090908, 25, 0, 1.3181818181818181, 25, 3, 7.045454545454546, 25, 0, 2.5, 25, 0, 0.2727272727272727, 25, bert, distilbert
23, 17, 6, 5, 12.347826086956522, 25, 0, 1.4782608695652173, 25, 3, 7.086956521739131, 25, 0, 2.5217391304347827, 25, 0, 0.2608695652173913, 25, bert, distilbert
24, 18, 6, 5, 12.083333333333334, 25, 0, 1.5, 25, 3, 7.125, 25, 0, 2.4166666666666665, 25, 0, 0.25, 25, bert, distilbert
25, 18, 7, 5, 12.6, 25, 0, 1.44, 25, 1, 6.88, 25, 0, 2.32, 25, 0, 0.28, 25, bert, distilbert
26, 19, 7, 5, 12.461538461538462, 25, 0, 1.4615384615384615, 25, 1, 6.923076923076923, 25, 0, 2.423076923076923, 25, 0, 0.2692307692307692, 25, bert, distilbert
27, 19, 8, 5, 12.925925925925926, 25, 0, 1.5185185185185186, 25, 1, 6.851851851851852, 25, 0, 2.4444444444444446, 25, 0, 0.2962962962962963, 25, bert, distilbert
28, 20, 8, 5, 12.821428571428571, 25, 0, 1.5714285714285714, 25, 1, 6.892857142857143, 25, 0, 2.5357142857142856, 25, 0, 0.2857142857142857, 25, bert, distilbert
29, 20, 9, 5, 13.241379310344827, 25, 0, 1.5517241379310345, 25, 1, 6.862068965517241, 25, 0, 2.4827586206896552, 25, 0, 0.3103448275862069, 25, bert, distilbert
30, 20, 10, 5, 13.633333333333333, 25, 0, 1.5333333333333334, 25, 1, 6.7, 25, 0, 2.433333333333333, 25, 0, 0.3333333333333333, 25, bert, distilbert
31, 21, 10, 5, 13.387096774193548, 25, 0, 1.5161290322580645, 25, 1, 6.741935483870968, 25, 0, 2.4193548387096775, 25, 0, 0.3225806451612903, 25, bert, distilbert
1, 0, 1, 25, 25.0, 25, 7, 7.0, 25, 4, 4.0, 25, 7, 7.0, 25, 0, 0.0, 25, roberta, bert
2, 0, 2, 25, 25.0, 25, 1, 4.0, 25, 2, 3.0, 25, 3, 5.0, 25, 0, 0.5, 25, roberta, bert
3, 1, 2, 17, 22.333333333333332, 25, 1, 4.333333333333333, 25, 2, 4.666666666666667, 25, 3, 6.333333333333333, 25, 0, 0.3333333333333333, 25, roberta, bert
4, 1, 3, 17, 23.0, 25, 1, 3.75, 25, 0, 3.5, 25, 1, 5.0, 25, 0, 0.5, 25, roberta, bert
5, 1, 4, 17, 23.4, 25, 0, 3.0, 25, 0, 2.8, 25, 1, 4.2, 25, 0, 0.6, 25, roberta, bert
6, 1, 5, 17, 23.666666666666668, 25, 0, 2.5, 25, 0, 3.0, 25, 1, 4.5, 25, 0, 0.6666666666666666, 25, roberta, bert
7, 1, 6, 17, 23.857142857142858, 25, 0, 3.142857142857143, 25, 0, 3.2857142857142856, 25, 1, 4.714285714285714, 25, 0, 0.5714285714285714, 25, roberta, bert
8, 1, 7, 17, 24.0, 25, 0, 2.75, 25, 0, 3.5, 25, 1, 4.5, 25, 0, 0.625, 25, roberta, bert
9, 1, 8, 17, 24.11111111111111, 25, 0, 2.5555555555555554, 25, 0, 3.3333333333333335, 25, 1, 4.111111111111111, 25, 0, 0.6666666666666666, 25, roberta, bert
10, 1, 9, 17, 24.2, 25, 0, 2.7, 25, 0, 3.4, 25, 1, 3.9, 25, 0, 0.7, 25, roberta, bert
11, 1, 10, 17, 24.272727272727273, 25, 0, 2.6363636363636362, 25, 0, 3.3636363636363638, 25, 1, 3.909090909090909, 25, 0, 0.7272727272727273, 25, roberta, bert
12, 1, 11, 17, 24.333333333333332, 25, 0, 2.6666666666666665, 25, 0, 3.1666666666666665, 25, 1, 4.0, 25, 0, 0.75, 25, roberta, bert
13, 1, 12, 17, 24.384615384615383, 25, 0, 3.0, 25, 0, 3.3846153846153846, 25, 1, 4.076923076923077, 25, 0, 0.6923076923076923, 25, roberta, bert
14, 1, 13, 17, 24.428571428571427, 25, 0, 3.142857142857143, 25, 0, 3.642857142857143, 25, 1, 4.357142857142857, 25, 0, 0.7142857142857143, 25, roberta, bert
15, 1, 14, 17, 24.466666666666665, 25, 0, 3.066666666666667, 25, 0, 3.466666666666667, 25, 1, 4.333333333333333, 25, 0, 0.7333333333333333, 25, roberta, bert
16, 1, 15, 17, 24.5, 25, 0, 3.0625, 25, 0, 3.3125, 25, 1, 4.125, 25, 0, 0.75, 25, roberta, bert
17, 2, 15, 15, 23.941176470588236, 25, 0, 3.1176470588235294, 25, 0, 3.588235294117647, 25, 1, 4.352941176470588, 25, 0, 0.7058823529411765, 25, roberta, bert
18, 2, 16, 15, 24.0, 25, 0, 2.9444444444444446, 25, 0, 3.611111111111111, 25, 1, 4.333333333333333, 25, 0, 0.7222222222222222, 25, roberta, bert
19, 2, 17, 15, 24.05263157894737, 25, 0, 3.1052631578947367, 25, 0, 3.6315789473684212, 25, 1, 4.421052631578948, 25, 0, 0.7368421052631579, 25, roberta, bert
20, 2, 18, 15, 24.1, 25, 0, 3.1, 25, 0, 3.55, 25, 1, 4.25, 25, 0, 0.75, 25, roberta, bert
21, 2, 19, 15, 24.142857142857142, 25, 0, 3.0476190476190474, 25, 0, 3.380952380952381, 25, 1, 4.095238095238095, 25, 0, 0.7619047619047619, 25, roberta, bert
22, 2, 20, 15, 24.181818181818183, 25, 0, 3.0, 25, 0, 3.4545454545454546, 25, 1, 4.136363636363637, 25, 0, 0.7727272727272727, 25, roberta, bert
23, 2, 21, 15, 24.217391304347824, 25, 0, 2.9565217391304346, 25, 0, 3.4782608695652173, 25, 1, 4.260869565217392, 25, 0, 0.782608695652174, 25, roberta, bert
24, 2, 22, 15, 24.25, 25, 0, 3.0416666666666665, 25, 0, 3.5833333333333335, 25, 1, 4.333333333333333, 25, 0, 0.7916666666666666, 25, roberta, bert
25, 2, 23, 15, 24.28, 25, 0, 3.2, 25, 0, 3.64, 25, 1, 4.28, 25, 0, 0.76, 25, roberta, bert
26, 2, 24, 15, 24.307692307692307, 25, 0, 3.3461538461538463, 25, 0, 3.769230769230769, 25, 1, 4.3076923076923075, 25, 0, 0.7307692307692307, 25, roberta, bert
27, 2, 25, 15, 24.333333333333332, 25, 0, 3.4444444444444446, 25, 0, 3.888888888888889, 25, 1, 4.37037037037037, 25, 0, 0.7407407407407407, 25, roberta, bert
28, 2, 26, 15, 24.357142857142858, 25, 0, 3.5714285714285716, 25, 0, 3.9642857142857144, 25, 1, 4.357142857142857, 25, 0, 0.7142857142857143, 25, roberta, bert
29, 2, 27, 15, 24.379310344827587, 25, 0, 3.6206896551724137, 25, 0, 4.0344827586206895, 25, 1, 4.448275862068965, 25, 0, 0.7241379310344828, 25, roberta, bert
30, 2, 28, 15, 24.4, 25, 0, 3.6333333333333333, 25, 0, 4.1, 25, 1, 4.366666666666666, 25, 0, 0.7333333333333333, 25, roberta, bert
31, 2, 29, 15, 24.419354838709676, 25, 0, 3.5161290322580645, 25, 0, 3.967741935483871, 25, 0, 4.225806451612903, 25, 0, 0.7419354838709677, 25, roberta, bert
1, 1, 0, 5, 5.0, 5, 1, 1.0, 5, 8, 8.0, 8, 1, 1.0, 5, 0, 0.0, 5, roberta, roberta
2, 2, 0, 5, 5.0, 5, 0, 0.5, 5, 8, 8.0, 8, 1, 1.0, 5, 0, 0.0, 5, roberta, roberta
3, 3, 0, 5, 5.0, 5, 0, 0.3333333333333333, 5, 8, 8.0, 8, 1, 1.0, 5, 0, 0.0, 5, roberta, roberta
4, 4, 0, 4, 4.75, 5, 0, 0.25, 5, 8, 8.0, 8, 0, 0.75, 5, 0, 0.0, 5, roberta, roberta
5, 5, 0, 4, 4.6, 5, 0, 0.2, 5, 8, 8.0, 8, 0, 0.6, 5, 0, 0.0, 5, roberta, roberta
6, 6, 0, 4, 4.666666666666667, 5, 0, 0.16666666666666666, 5, 8, 8.0, 8, 0, 0.5, 5, 0, 0.0, 5, roberta, roberta
7, 7, 0, 4, 4.571428571428571, 5, 0, 0.14285714285714285, 5, 8, 8.0, 8, 0, 0.42857142857142855, 5, 0, 0.0, 5, roberta, roberta
8, 8, 0, 4, 4.625, 5, 0, 0.25, 5, 8, 8.0, 8, 0, 0.375, 5, 0, 0.0, 5, roberta, roberta
9, 9, 0, 4, 4.666666666666667, 5, 0, 0.3333333333333333, 5, 8, 8.0, 8, 0, 0.3333333333333333, 5, 0, 0.0, 5, roberta, roberta
10, 10, 0, 4, 4.7, 5, 0, 0.3, 5, 8, 8.0, 8, 0, 0.4, 5, 0, 0.0, 5, roberta, roberta
11, 10, 1, 4, 6.545454545454546, 25, 0, 0.2727272727272727, 25, 3, 7.545454545454546, 25, 0, 0.36363636363636365, 25, 0, 0.09090909090909091, 25, roberta, roberta
12, 11, 1, 4, 6.5, 25, 0, 0.3333333333333333, 25, 3, 7.583333333333333, 25, 0, 0.4166666666666667, 25, 0, 0.08333333333333333, 25, roberta, roberta
13, 12, 1, 4, 6.461538461538462, 25, 0, 0.38461538461538464, 25, 3, 7.615384615384615, 25, 0, 0.5384615384615384, 25, 0, 0.07692307692307693, 25, roberta, roberta
14, 13, 1, 4, 6.285714285714286, 25, 0, 0.35714285714285715, 25, 3, 7.642857142857143, 25, 0, 0.5, 25, 0, 0.07142857142857142, 25, roberta, roberta
15, 14, 1, 4, 6.2, 25, 0, 0.3333333333333333, 25, 3, 7.666666666666667, 25, 0, 0.4666666666666667, 25, 0, 0.06666666666666667, 25, roberta, roberta
16, 15, 1, 4, 6.125, 25, 0, 0.3125, 25, 3, 7.6875, 25, 0, 0.4375, 25, 0, 0.0625, 25, roberta, roberta
17, 16, 1, 4, 6.117647058823529, 25, 0, 0.29411764705882354, 25, 3, 7.705882352941177, 25, 0, 0.47058823529411764, 25, 0, 0.058823529411764705, 25, roberta, roberta
18, 17, 1, 4, 6.055555555555555, 25, 0, 0.3333333333333333, 25, 3, 7.722222222222222, 25, 0, 0.4444444444444444, 25, 0, 0.05555555555555555, 25, roberta, roberta
19, 18, 1, 4, 6.0, 25, 0, 0.3684210526315789, 25, 3, 7.7368421052631575, 25, 0, 0.42105263157894735, 25, 0, 0.05263157894736842, 25, roberta, roberta
20, 19, 1, 4, 5.9, 25, 0, 0.35, 25, 3, 7.75, 25, 0, 0.4, 25, 0, 0.05, 25, roberta, roberta
21, 20, 1, 4, 5.857142857142857, 25, 0, 0.3333333333333333, 25, 3, 7.761904761904762, 25, 0, 0.38095238095238093, 25, 0, 0.047619047619047616, 25, roberta, roberta
22, 21, 1, 4, 5.7727272727272725, 25, 0, 0.3181818181818182, 25, 3, 7.7727272727272725, 25, 0, 0.36363636363636365, 25, 0, 0.045454545454545456, 25, roberta, roberta
23, 22, 1, 4, 5.739130434782608, 25, 0, 0.30434782608695654, 25, 3, 7.782608695652174, 25, 0, 0.391304347826087, 25, 0, 0.043478260869565216, 25, roberta, roberta
24, 23, 1, 4, 5.708333333333333, 25, 0, 0.2916666666666667, 25, 3, 7.791666666666667, 25, 0, 0.375, 25, 0, 0.041666666666666664, 25, roberta, roberta
25, 24, 1, 4, 5.72, 25, 0, 0.28, 25, 3, 7.8, 25, 0, 0.48, 25, 0, 0.04, 25, roberta, roberta
26, 25, 1, 4, 5.730769230769231, 25, 0, 0.34615384615384615, 25, 3, 7.8076923076923075, 25, 0, 0.46153846153846156, 25, 0, 0.038461538461538464, 25, roberta, roberta
27, 26, 1, 4, 5.7407407407407405, 25, 0, 0.3333333333333333, 25, 3, 7.814814814814815, 25, 0, 0.48148148148148145, 25, 0, 0.037037037037037035, 25, roberta, roberta
28, 27, 1, 4, 5.75, 25, 0, 0.32142857142857145, 25, 3, 7.821428571428571, 25, 0, 0.5357142857142857, 25, 0, 0.03571428571428571, 25, roberta, roberta
29, 28, 1, 4, 5.689655172413793, 25, 0, 0.3103448275862069, 25, 3, 7.827586206896552, 25, 0, 0.5172413793103449, 25, 0, 0.034482758620689655, 25, roberta, roberta
30, 29, 1, 4, 5.633333333333334, 25, 0, 0.3, 25, 3, 7.833333333333333, 25, 0, 0.5, 25, 0, 0.03333333333333333, 25, roberta, roberta
31, 30, 1, 4, 5.612903225806452, 25, 0, 0.3225806451612903, 25, 3, 7.838709677419355, 25, 0, 0.4838709677419355, 25, 0, 0.03225806451612903, 25, roberta, roberta
1, 1, 0, 16, 16.0, 16, 5, 5.0, 16, 8, 8.0, 16, 8, 8.0, 16, 0, 0.0, 16, roberta, distilbert
2, 1, 1, 16, 20.5, 25, 2, 3.5, 25, 5, 6.5, 25, 5, 6.5, 25, 0, 0.5, 25, roberta, distilbert
3, 1, 2, 16, 22.0, 25, 2, 3.3333333333333335, 25, 3, 5.333333333333333, 25, 3, 5.333333333333333, 25, 0, 0.6666666666666666, 25, roberta, distilbert
4, 1, 3, 16, 22.75, 25, 2, 3.75, 25, 3, 5.75, 25, 3, 5.75, 25, 0, 0.75, 25, roberta, distilbert
5, 2, 3, 15, 21.2, 25, 2, 4.2, 25, 3, 6.2, 25, 3, 5.8, 25, 0, 0.6, 25, roberta, distilbert
6, 2, 4, 15, 21.833333333333332, 25, 0, 3.5, 25, 2, 5.5, 25, 2, 5.166666666666667, 25, 0, 0.6666666666666666, 25, roberta, distilbert
7, 2, 5, 15, 22.285714285714285, 25, 0, 3.0, 25, 0, 4.714285714285714, 25, 0, 4.428571428571429, 25, 0, 0.7142857142857143, 25, roberta, distilbert
8, 2, 6, 15, 22.625, 25, 0, 2.625, 25, 0, 4.25, 25, 0, 4.25, 25, 0, 0.75, 25, roberta, distilbert
9, 2, 7, 15, 22.88888888888889, 25, 0, 2.888888888888889, 25, 0, 4.222222222222222, 25, 0, 4.222222222222222, 25, 0, 0.7777777777777778, 25, roberta, distilbert
10, 2, 8, 15, 23.1, 25, 0, 3.3, 25, 0, 4.5, 25, 0, 4.4, 25, 0, 0.7, 25, roberta, distilbert
11, 2, 9, 15, 23.272727272727273, 25, 0, 3.1818181818181817, 25, 0, 4.090909090909091, 25, 0, 4.0, 25, 0, 0.7272727272727273, 25, roberta, distilbert
12, 3, 9, 13, 22.416666666666668, 25, 0, 3.25, 25, 0, 4.416666666666667, 25, 0, 4.083333333333333, 25, 0, 0.6666666666666666, 25, roberta, distilbert
13, 3, 10, 13, 22.615384615384617, 25, 0, 3.3076923076923075, 25, 0, 4.230769230769231, 25, 0, 4.0, 25, 0, 0.6923076923076923, 25, roberta, distilbert
14, 4, 10, 10, 21.714285714285715, 25, 0, 3.2142857142857144, 25, 0, 4.5, 25, 0, 4.0, 25, 0, 0.6428571428571429, 25, roberta, distilbert
15, 4, 11, 10, 21.933333333333334, 25, 0, 3.1333333333333333, 25, 0, 4.533333333333333, 25, 0, 4.066666666666666, 25, 0, 0.6666666666666666, 25, roberta, distilbert
16, 4, 12, 10, 22.125, 25, 0, 3.0, 25, 0, 4.6875, 25, 0, 4.0, 25, 0, 0.6875, 25, roberta, distilbert
17, 4, 13, 10, 22.294117647058822, 25, 0, 3.0, 25, 0, 4.764705882352941, 25, 0, 4.0, 25, 0, 0.7058823529411765, 25, roberta, distilbert
18, 4, 14, 10, 22.444444444444443, 25, 0, 3.0, 25, 0, 4.833333333333333, 25, 0, 4.111111111111111, 25, 0, 0.7222222222222222, 25, roberta, distilbert
19, 5, 14, 10, 21.894736842105264, 25, 0, 3.0, 25, 0, 5.0, 25, 0, 4.2105263157894735, 25, 0, 0.6842105263157895, 25, roberta, distilbert
20, 5, 15, 10, 22.05, 25, 0, 2.85, 25, 0, 4.9, 25, 0, 4.1, 25, 0, 0.7, 25, roberta, distilbert
21, 5, 16, 10, 22.19047619047619, 25, 0, 3.0, 25, 0, 5.0, 25, 0, 4.238095238095238, 25, 0, 0.7142857142857143, 25, roberta, distilbert
22, 6, 16, 10, 21.772727272727273, 25, 0, 3.090909090909091, 25, 0, 5.136363636363637, 25, 0, 4.2272727272727275, 25, 0, 0.6818181818181818, 25, roberta, distilbert
23, 6, 17, 10, 21.91304347826087, 25, 0, 3.217391304347826, 25, 0, 5.217391304347826, 25, 0, 4.3478260869565215, 25, 0, 0.6956521739130435, 25, roberta, distilbert
24, 6, 18, 10, 22.041666666666668, 25, 0, 3.2083333333333335, 25, 0, 5.083333333333333, 25, 0, 4.208333333333333, 25, 0, 0.7083333333333334, 25, roberta, distilbert
25, 6, 19, 10, 22.16, 25, 0, 3.32, 25, 0, 5.12, 25, 0, 4.4, 25, 0, 0.72, 25, roberta, distilbert
26, 6, 20, 10, 22.26923076923077, 25, 0, 3.3076923076923075, 25, 0, 5.076923076923077, 25, 0, 4.269230769230769, 25, 0, 0.7307692307692307, 25, roberta, distilbert
27, 6, 21, 10, 22.37037037037037, 25, 0, 3.3703703703703702, 25, 0, 5.037037037037037, 25, 0, 4.2592592592592595, 25, 0, 0.7407407407407407, 25, roberta, distilbert
28, 6, 22, 10, 22.464285714285715, 25, 0, 3.357142857142857, 25, 0, 4.928571428571429, 25, 0, 4.25, 25, 0, 0.75, 25, roberta, distilbert
29, 6, 23, 10, 22.551724137931036, 25, 0, 3.413793103448276, 25, 0, 5.0, 25, 0, 4.241379310344827, 25, 0, 0.7586206896551724, 25, roberta, distilbert
30, 7, 23, 9, 22.1, 25, 0, 3.4, 25, 0, 5.1, 25, 0, 4.2, 25, 0, 0.7333333333333333, 25, roberta, distilbert
31, 8, 23, 9, 21.903225806451612, 25, 0, 3.4838709677419355, 25, 0, 5.193548387096774, 25, 0, 4.32258064516129, 25, 0, 0.7096774193548387, 25, roberta, distilbert
1, 0, 1, 25, 25.0, 25, 0, 0.0, 25, 1, 1.0, 25, 0, 0.0, 25, 1, 1.0, 25, roberta, glove
2, 0, 2, 25, 25.0, 25, 0, 2.0, 25, 1, 3.0, 25, 0, 1.5, 25, 1, 1.0, 25, roberta, glove
3, 1, 2, 18, 22.666666666666668, 25, 0, 3.3333333333333335, 25, 1, 4.666666666666667, 25, 0, 4.0, 25, 0, 0.6666666666666666, 25, roberta, glove
4, 1, 3, 18, 23.25, 25, 0, 4.0, 25, 1, 5.0, 25, 0, 5.0, 25, 0, 0.75, 25, roberta, glove
5, 1, 4, 18, 23.6, 25, 0, 4.2, 25, 1, 5.0, 25, 0, 5.6, 25, 0, 0.8, 25, roberta, glove
6, 1, 5, 18, 23.833333333333332, 25, 0, 3.6666666666666665, 25, 0, 4.166666666666667, 25, 0, 4.833333333333333, 25, 0, 0.8333333333333334, 25, roberta, glove
7, 1, 6, 18, 24.0, 25, 0, 3.142857142857143, 25, 0, 4.285714285714286, 25, 0, 4.142857142857143, 25, 0, 0.8571428571428571, 25, roberta, glove
8, 1, 7, 18, 24.125, 25, 0, 3.375, 25, 0, 4.5, 25, 0, 4.5, 25, 0, 0.875, 25, roberta, glove
9, 1, 8, 18, 24.22222222222222, 25, 0, 3.6666666666666665, 25, 0, 4.666666666666667, 25, 0, 4.666666666666667, 25, 0, 0.8888888888888888, 25, roberta, glove
10, 1, 9, 18, 24.3, 25, 0, 3.5, 25, 0, 4.7, 25, 0, 4.3, 25, 0, 0.9, 25, roberta, glove
11, 1, 10, 18, 24.363636363636363, 25, 0, 3.6363636363636362, 25, 0, 4.818181818181818, 25, 0, 4.454545454545454, 25, 0, 0.9090909090909091, 25, roberta, glove
12, 1, 11, 18, 24.416666666666668, 25, 0, 3.5, 25, 0, 4.75, 25, 0, 4.416666666666667, 25, 0, 0.9166666666666666, 25, roberta, glove
13, 1, 12, 18, 24.46153846153846, 25, 0, 3.4615384615384617, 25, 0, 4.769230769230769, 25, 0, 4.153846153846154, 25, 0, 0.9230769230769231, 25, roberta, glove
14, 1, 13, 18, 24.5, 25, 0, 3.4285714285714284, 25, 0, 4.571428571428571, 25, 0, 4.071428571428571, 25, 0, 0.9285714285714286, 25, roberta, glove
15, 1, 14, 18, 24.533333333333335, 25, 0, 3.3333333333333335, 25, 0, 4.4, 25, 0, 4.0, 25, 0, 0.9333333333333333, 25, roberta, glove
16, 1, 15, 18, 24.5625, 25, 0, 3.4375, 25, 0, 4.375, 25, 0, 4.25, 25, 0, 0.9375, 25, roberta, glove
17, 2, 15, 12, 23.823529411764707, 25, 0, 3.5294117647058822, 25, 0, 4.588235294117647, 25, 0, 4.176470588235294, 25, 0, 0.8823529411764706, 25, roberta, glove
18, 2, 16, 12, 23.88888888888889, 25, 0, 3.5555555555555554, 25, 0, 4.555555555555555, 25, 0, 4.111111111111111, 25, 0, 0.8888888888888888, 25, roberta, glove
19, 2, 17, 12, 23.94736842105263, 25, 0, 3.736842105263158, 25, 0, 4.578947368421052, 25, 0, 4.052631578947368, 25, 0, 0.8421052631578947, 25, roberta, glove
20, 2, 18, 12, 24.0, 25, 0, 3.9, 25, 0, 4.65, 25, 0, 4.15, 25, 0, 0.8, 25, roberta, glove
21, 2, 19, 12, 24.047619047619047, 25, 0, 3.7142857142857144, 25, 0, 4.476190476190476, 25, 0, 4.0, 25, 0, 0.8095238095238095, 25, roberta, glove
22, 2, 20, 12, 24.09090909090909, 25, 0, 3.6363636363636362, 25, 0, 4.363636363636363, 25, 0, 4.0, 25, 0, 0.8181818181818182, 25, roberta, glove
23, 2, 21, 12, 24.130434782608695, 25, 0, 3.652173913043478, 25, 0, 4.434782608695652, 25, 0, 3.9565217391304346, 25, 0, 0.8260869565217391, 25, roberta, glove
24, 3, 21, 12, 23.625, 25, 0, 3.75, 25, 0, 4.583333333333333, 25, 0, 3.9166666666666665, 25, 0, 0.7916666666666666, 25, roberta, glove
25, 3, 22, 12, 23.68, 25, 0, 3.72, 25, 0, 4.56, 25, 0, 3.8, 25, 0, 0.8, 25, roberta, glove
26, 4, 22, 11, 23.192307692307693, 25, 0, 3.730769230769231, 25, 0, 4.6923076923076925, 25, 0, 3.8076923076923075, 25, 0, 0.7692307692307693, 25, roberta, glove
27, 4, 23, 11, 23.25925925925926, 25, 0, 3.7777777777777777, 25, 0, 4.703703703703703, 25, 0, 3.888888888888889, 25, 0, 0.7777777777777778, 25, roberta, glove
28, 4, 24, 11, 23.321428571428573, 25, 0, 3.857142857142857, 25, 0, 4.75, 25, 0, 4.071428571428571, 25, 0, 0.7857142857142857, 25, roberta, glove
29, 4, 25, 11, 23.379310344827587, 25, 0, 3.793103448275862, 25, 0, 4.620689655172414, 25, 0, 3.9310344827586206, 25, 0, 0.7931034482758621, 25, roberta, glove
30, 4, 26, 11, 23.433333333333334, 25, 0, 3.7666666666666666, 25, 0, 4.666666666666667, 25, 0, 3.933333333333333, 25, 0, 0.8, 25, roberta, glove
31, 4, 27, 11, 23.483870967741936, 25, 0, 3.838709677419355, 25, 0, 4.741935483870968, 25, 0, 4.0, 25, 0, 0.8064516129032258, 25, roberta, glove
1, 1, 0, 10, 10.0, 10, 5, 5.0, 10, 8, 8.0, 10, 3, 3.0, 10, 0, 0.0, 10, distilbert, bert
2, 2, 0, 6, 8.0, 10, 1, 3.0, 10, 8, 8.0, 10, 1, 2.0, 10, 0, 0.0, 10, distilbert, bert
3, 3, 0, 6, 7.333333333333333, 10, 0, 2.0, 10, 8, 8.0, 10, 1, 2.0, 10, 0, 0.0, 10, distilbert, bert
4, 4, 0, 5, 6.75, 10, 0, 2.0, 10, 8, 8.0, 10, 0, 1.5, 10, 0, 0.0, 10, distilbert, bert
5, 5, 0, 5, 7.0, 10, 0, 1.8, 10, 8, 8.0, 10, 0, 1.6, 10, 0, 0.0, 10, distilbert, bert
6, 6, 0, 5, 7.166666666666667, 10, 0, 2.0, 10, 8, 8.0, 10, 0, 1.6666666666666667, 10, 0, 0.0, 10, distilbert, bert
7, 7, 0, 5, 7.142857142857143, 10, 0, 2.0, 10, 8, 8.0, 10, 0, 1.5714285714285714, 10, 0, 0.0, 10, distilbert, bert
8, 7, 1, 5, 9.375, 25, 0, 1.75, 25, 5, 7.625, 25, 0, 1.375, 25, 0, 0.125, 25, distilbert, bert
9, 8, 1, 5, 9.0, 25, 0, 1.5555555555555556, 25, 5, 7.666666666666667, 25, 0, 1.3333333333333333, 25, 0, 0.1111111111111111, 25, distilbert, bert
10, 9, 1, 5, 8.7, 25, 0, 1.6, 25, 5, 7.7, 25, 0, 1.3, 25, 0, 0.1, 25, distilbert, bert
11, 9, 2, 5, 10.181818181818182, 25, 0, 1.4545454545454546, 25, 0, 7.0, 25, 0, 1.1818181818181819, 25, 0, 0.18181818181818182, 25, distilbert, bert
12, 10, 2, 5, 10.5, 25, 0, 1.5833333333333333, 25, 0, 7.083333333333333, 25, 0, 1.75, 25, 0, 0.16666666666666666, 25, distilbert, bert
13, 10, 3, 5, 11.615384615384615, 25, 0, 1.5384615384615385, 25, 0, 6.923076923076923, 25, 0, 1.6923076923076923, 25, 0, 0.23076923076923078, 25, distilbert, bert
14, 11, 3, 5, 11.142857142857142, 25, 0, 1.4285714285714286, 25, 0, 7.0, 25, 0, 1.6428571428571428, 25, 0, 0.21428571428571427, 25, distilbert, bert
15, 11, 4, 5, 12.066666666666666, 25, 0, 1.4, 25, 0, 6.8, 25, 0, 1.6, 25, 0, 0.26666666666666666, 25, distilbert, bert
16, 12, 4, 5, 12.0, 25, 0, 1.4375, 25, 0, 6.875, 25, 0, 1.8125, 25, 0, 0.25, 25, distilbert, bert
17, 12, 5, 5, 12.764705882352942, 25, 0, 1.411764705882353, 25, 0, 6.823529411764706, 25, 0, 1.8235294117647058, 25, 0, 0.29411764705882354, 25, distilbert, bert
18, 13, 5, 5, 12.61111111111111, 25, 0, 1.5555555555555556, 25, 0, 6.888888888888889, 25, 0, 1.9444444444444444, 25, 0, 0.2777777777777778, 25, distilbert, bert
19, 14, 5, 5, 12.31578947368421, 25, 0, 1.631578947368421, 25, 0, 6.947368421052632, 25, 0, 1.8421052631578947, 25, 0, 0.2631578947368421, 25, distilbert, bert
20, 15, 5, 5, 12.2, 25, 0, 1.7, 25, 0, 7.0, 25, 0, 1.95, 25, 0, 0.25, 25, distilbert, bert
21, 15, 6, 5, 12.80952380952381, 25, 0, 1.619047619047619, 25, 0, 6.857142857142857, 25, 0, 1.9047619047619047, 25, 0, 0.2857142857142857, 25, distilbert, bert
22, 16, 6, 5, 12.636363636363637, 25, 0, 1.7272727272727273, 25, 0, 6.909090909090909, 25, 0, 1.9090909090909092, 25, 0, 0.2727272727272727, 25, distilbert, bert
23, 17, 6, 5, 12.391304347826088, 25, 0, 1.7391304347826086, 25, 0, 6.956521739130435, 25, 0, 1.8695652173913044, 25, 0, 0.2608695652173913, 25, distilbert, bert
24, 18, 6, 5, 12.166666666666666, 25, 0, 1.7916666666666667, 25, 0, 7.0, 25, 0, 1.7916666666666667, 25, 0, 0.25, 25, distilbert, bert
25, 19, 6, 5, 11.96, 25, 0, 1.84, 25, 0, 7.04, 25, 0, 1.76, 25, 0, 0.24, 25, distilbert, bert
26, 20, 6, 5, 11.692307692307692, 25, 0, 1.8076923076923077, 25, 0, 7.076923076923077, 25, 0, 1.6923076923076923, 25, 0, 0.23076923076923078, 25, distilbert, bert
27, 20, 7, 5, 12.185185185185185, 25, 0, 1.7407407407407407, 25, 0, 7.037037037037037, 25, 0, 1.6666666666666667, 25, 0, 0.25925925925925924, 25, distilbert, bert
28, 21, 7, 5, 11.964285714285714, 25, 0, 1.7142857142857142, 25, 0, 7.071428571428571, 25, 0, 1.6785714285714286, 25, 0, 0.25, 25, distilbert, bert
29, 22, 7, 5, 11.793103448275861, 25, 0, 1.6896551724137931, 25, 0, 7.103448275862069, 25, 0, 1.6896551724137931, 25, 0, 0.2413793103448276, 25, distilbert, bert
30, 22, 8, 5, 12.233333333333333, 25, 0, 1.6333333333333333, 25, 0, 6.9, 25, 0, 1.6333333333333333, 25, 0, 0.26666666666666666, 25, distilbert, bert
31, 23, 8, 5, 12.096774193548388, 25, 0, 1.6129032258064515, 25, 0, 6.935483870967742, 25, 0, 1.7096774193548387, 25, 0, 0.25806451612903225, 25, distilbert, bert
1, 1, 0, 11, 11.0, 11, 3, 3.0, 11, 8, 8.0, 11, 4, 4.0, 11, 0, 0.0, 11, distilbert, roberta
2, 1, 1, 11, 18.0, 25, 3, 4.0, 25, 6, 7.0, 25, 4, 6.0, 25, 0, 0.5, 25, distilbert, roberta
3, 1, 2, 11, 20.333333333333332, 25, 3, 4.333333333333333, 25, 5, 6.333333333333333, 25, 4, 6.333333333333333, 25, 0, 0.6666666666666666, 25, distilbert, roberta
4, 2, 2, 11, 20.0, 25, 3, 4.75, 25, 5, 6.75, 25, 4, 7.0, 25, 0, 0.5, 25, distilbert, roberta
5, 2, 3, 11, 21.0, 25, 1, 4.0, 25, 1, 5.6, 25, 1, 5.8, 25, 0, 0.6, 25, distilbert, roberta
6, 2, 4, 11, 21.666666666666668, 25, 1, 3.8333333333333335, 25, 1, 5.666666666666667, 25, 1, 5.666666666666667, 25, 0, 0.6666666666666666, 25, distilbert, roberta
7, 2, 5, 11, 22.142857142857142, 25, 1, 4.285714285714286, 25, 1, 5.714285714285714, 25, 1, 6.142857142857143, 25, 0, 0.5714285714285714, 25, distilbert, roberta
8, 2, 6, 11, 22.5, 25, 1, 4.375, 25, 1, 5.875, 25, 1, 6.125, 25, 0, 0.625, 25, distilbert, roberta
9, 3, 6, 11, 21.555555555555557, 25, 1, 4.333333333333333, 25, 1, 6.111111111111111, 25, 1, 6.222222222222222, 25, 0, 0.5555555555555556, 25, distilbert, roberta
10, 4, 6, 11, 20.9, 25, 1, 4.4, 25, 1, 6.3, 25, 1, 6.2, 25, 0, 0.5, 25, distilbert, roberta
11, 4, 7, 11, 21.272727272727273, 25, 0, 4.0, 25, 1, 5.909090909090909, 25, 1, 5.818181818181818, 25, 0, 0.5454545454545454, 25, distilbert, roberta
12, 4, 8, 11, 21.583333333333332, 25, 0, 4.0, 25, 1, 6.0, 25, 1, 5.833333333333333, 25, 0, 0.5833333333333334, 25, distilbert, roberta
13, 4, 9, 11, 21.846153846153847, 25, 0, 3.6923076923076925, 25, 1, 5.615384615384615, 25, 0, 5.384615384615385, 25, 0, 0.6153846153846154, 25, distilbert, roberta
14, 4, 10, 11, 22.071428571428573, 25, 0, 3.642857142857143, 25, 1, 5.357142857142857, 25, 0, 5.071428571428571, 25, 0, 0.6428571428571429, 25, distilbert, roberta
15, 5, 10, 11, 21.466666666666665, 25, 0, 3.8, 25, 1, 5.533333333333333, 25, 0, 5.066666666666666, 25, 0, 0.6, 25, distilbert, roberta
16, 5, 11, 11, 21.6875, 25, 0, 3.8125, 25, 1, 5.375, 25, 0, 5.125, 25, 0, 0.625, 25, distilbert, roberta
17, 5, 12, 11, 21.88235294117647, 25, 0, 3.588235294117647, 25, 0, 5.0588235294117645, 25, 0, 4.823529411764706, 25, 0, 0.6470588235294118, 25, distilbert, roberta
18, 5, 13, 11, 22.055555555555557, 25, 0, 3.5555555555555554, 25, 0, 4.944444444444445, 25, 0, 4.555555555555555, 25, 0, 0.6666666666666666, 25, distilbert, roberta
19, 6, 13, 11, 21.68421052631579, 25, 0, 3.6842105263157894, 25, 0, 5.105263157894737, 25, 0, 4.631578947368421, 25, 0, 0.631578947368421, 25, distilbert, roberta
20, 7, 13, 11, 21.25, 25, 0, 3.8, 25, 0, 5.25, 25, 0, 4.65, 25, 0, 0.6, 25, distilbert, roberta
21, 8, 13, 10, 20.714285714285715, 25, 0, 3.761904761904762, 25, 0, 5.380952380952381, 25, 0, 4.571428571428571, 25, 0, 0.5714285714285714, 25, distilbert, roberta
22, 8, 14, 10, 20.90909090909091, 25, 0, 3.909090909090909, 25, 0, 5.454545454545454, 25, 0, 4.636363636363637, 25, 0, 0.5454545454545454, 25, distilbert, roberta
23, 8, 15, 10, 21.08695652173913, 25, 0, 3.8260869565217392, 25, 0, 5.217391304347826, 25, 0, 4.478260869565218, 25, 0, 0.5652173913043478, 25, distilbert, roberta
24, 8, 16, 10, 21.25, 25, 0, 3.8333333333333335, 25, 0, 5.25, 25, 0, 4.625, 25, 0, 0.5833333333333334, 25, distilbert, roberta
25, 9, 16, 10, 20.96, 25, 0, 3.92, 25, 0, 5.36, 25, 0, 4.64, 25, 0, 0.56, 25, distilbert, roberta
26, 10, 16, 10, 20.73076923076923, 25, 0, 3.9615384615384617, 25, 0, 5.461538461538462, 25, 0, 4.6923076923076925, 25, 0, 0.5384615384615384, 25, distilbert, roberta
27, 10, 17, 10, 20.88888888888889, 25, 0, 3.8518518518518516, 25, 0, 5.518518518518518, 25, 0, 4.666666666666667, 25, 0, 0.5555555555555556, 25, distilbert, roberta
28, 10, 18, 10, 21.035714285714285, 25, 0, 3.857142857142857, 25, 0, 5.535714285714286, 25, 0, 4.642857142857143, 25, 0, 0.5714285714285714, 25, distilbert, roberta
29, 10, 19, 10, 21.17241379310345, 25, 0, 3.9655172413793105, 25, 0, 5.517241379310345, 25, 0, 4.758620689655173, 25, 0, 0.5517241379310345, 25, distilbert, roberta
30, 10, 20, 10, 21.3, 25, 0, 3.9, 25, 0, 5.5, 25, 0, 4.733333333333333, 25, 0, 0.5666666666666667, 25, distilbert, roberta
31, 10, 21, 10, 21.419354838709676, 25, 0, 3.838709677419355, 25, 0, 5.516129032258065, 25, 0, 4.645161290322581, 25, 0, 0.5806451612903226, 25, distilbert, roberta
1, 1, 0, 5, 5.0, 5, 0, 0.0, 5, 8, 8.0, 8, 0, 0.0, 5, 0, 0.0, 5, distilbert, distilbert
2, 2, 0, 4, 4.5, 5, 0, 0.0, 5, 8, 8.0, 8, 0, 0.0, 5, 0, 0.0, 5, distilbert, distilbert
3, 3, 0, 4, 4.666666666666667, 5, 0, 0.6666666666666666, 5, 8, 8.0, 8, 0, 0.0, 5, 0, 0.0, 5, distilbert, distilbert
4, 4, 0, 4, 5.25, 7, 0, 1.0, 7, 8, 8.0, 8, 0, 0.25, 7, 0, 0.0, 7, distilbert, distilbert
5, 5, 0, 4, 5.0, 7, 0, 0.8, 7, 8, 8.0, 8, 0, 0.2, 7, 0, 0.0, 7, distilbert, distilbert
6, 6, 0, 4, 5.166666666666667, 7, 0, 0.6666666666666666, 7, 8, 8.0, 8, 0, 0.5, 7, 0, 0.0, 7, distilbert, distilbert
7, 7, 0, 4, 5.142857142857143, 7, 0, 0.5714285714285714, 7, 8, 8.0, 8, 0, 0.5714285714285714, 7, 0, 0.0, 7, distilbert, distilbert
8, 8, 0, 4, 5.25, 7, 0, 0.5, 7, 8, 8.0, 8, 0, 0.75, 7, 0, 0.0, 7, distilbert, distilbert
9, 9, 0, 4, 5.222222222222222, 7, 0, 0.4444444444444444, 7, 8, 8.0, 8, 0, 0.7777777777777778, 7, 0, 0.0, 7, distilbert, distilbert
10, 9, 1, 4, 7.2, 25, 0, 0.5, 25, 4, 7.6, 25, 0, 0.8, 25, 0, 0.1, 25, distilbert, distilbert
11, 10, 1, 4, 7.0, 25, 0, 0.45454545454545453, 25, 4, 7.636363636363637, 25, 0, 0.8181818181818182, 25, 0, 0.09090909090909091, 25, distilbert, distilbert
12, 11, 1, 4, 6.833333333333333, 25, 0, 0.5, 25, 4, 7.666666666666667, 25, 0, 0.8333333333333334, 25, 0, 0.08333333333333333, 25, distilbert, distilbert
13, 12, 1, 4, 6.769230769230769, 25, 0, 0.5384615384615384, 25, 4, 7.6923076923076925, 25, 0, 0.8461538461538461, 25, 0, 0.07692307692307693, 25, distilbert, distilbert
14, 13, 1, 4, 6.642857142857143, 25, 0, 0.5, 25, 4, 7.714285714285714, 25, 0, 0.8571428571428571, 25, 0, 0.07142857142857142, 25, distilbert, distilbert
15, 14, 1, 4, 6.733333333333333, 25, 0, 0.6, 25, 4, 7.733333333333333, 25, 0, 1.0, 25, 0, 0.06666666666666667, 25, distilbert, distilbert
16, 15, 1, 4, 6.6875, 25, 0, 0.5625, 25, 4, 7.75, 25, 0, 1.0625, 25, 0, 0.0625, 25, distilbert, distilbert
17, 16, 1, 4, 6.588235294117647, 25, 0, 0.6470588235294118, 25, 4, 7.764705882352941, 25, 0, 1.0, 25, 0, 0.058823529411764705, 25, distilbert, distilbert
18, 17, 1, 4, 6.555555555555555, 25, 0, 0.6666666666666666, 25, 4, 7.777777777777778, 25, 0, 1.0, 25, 0, 0.05555555555555555, 25, distilbert, distilbert
19, 18, 1, 4, 6.473684210526316, 25, 0, 0.631578947368421, 25, 4, 7.7894736842105265, 25, 0, 0.9473684210526315, 25, 0, 0.05263157894736842, 25, distilbert, distilbert
20, 19, 1, 4, 6.35, 25, 0, 0.6, 25, 4, 7.8, 25, 0, 0.9, 25, 0, 0.05, 25, distilbert, distilbert
21, 20, 1, 4, 6.285714285714286, 25, 0, 0.5714285714285714, 25, 4, 7.809523809523809, 25, 0, 0.9047619047619048, 25, 0, 0.047619047619047616, 25, distilbert, distilbert
22, 20, 2, 4, 7.136363636363637, 25, 0, 0.5454545454545454, 25, 4, 7.681818181818182, 25, 0, 0.9090909090909091, 25, 0, 0.09090909090909091, 25, distilbert, distilbert
23, 21, 2, 4, 7.0, 25, 0, 0.5217391304347826, 25, 4, 7.695652173913044, 25, 0, 0.8695652173913043, 25, 0, 0.08695652173913043, 25, distilbert, distilbert
24, 22, 2, 4, 6.916666666666667, 25, 0, 0.5, 25, 4, 7.708333333333333, 25, 0, 0.8333333333333334, 25, 0, 0.08333333333333333, 25, distilbert, distilbert
25, 23, 2, 4, 6.88, 25, 0, 0.52, 25, 4, 7.72, 25, 0, 0.8, 25, 0, 0.08, 25, distilbert, distilbert
26, 24, 2, 4, 6.8076923076923075, 25, 0, 0.5, 25, 4, 7.730769230769231, 25, 0, 0.7692307692307693, 25, 0, 0.07692307692307693, 25, distilbert, distilbert
27, 25, 2, 4, 6.814814814814815, 25, 0, 0.5185185185185185, 25, 4, 7.7407407407407405, 25, 0, 0.8148148148148148, 25, 0, 0.07407407407407407, 25, distilbert, distilbert
28, 26, 2, 4, 6.785714285714286, 25, 0, 0.5357142857142857, 25, 4, 7.75, 25, 0, 0.8571428571428571, 25, 0, 0.07142857142857142, 25, distilbert, distilbert
29, 27, 2, 4, 6.758620689655173, 25, 0, 0.5517241379310345, 25, 4, 7.758620689655173, 25, 0, 0.896551724137931, 25, 0, 0.06896551724137931, 25, distilbert, distilbert
30, 28, 2, 4, 6.733333333333333, 25, 0, 0.6, 25, 4, 7.766666666666667, 25, 0, 0.8666666666666667, 25, 0, 0.06666666666666667, 25, distilbert, distilbert
31, 29, 2, 4, 6.67741935483871, 25, 0, 0.5806451612903226, 25, 4, 7.774193548387097, 25, 0, 0.8709677419354839, 25, 0, 0.06451612903225806, 25, distilbert, distilbert
1, 0, 1, 25, 25.0, 25, 0, 0.0, 25, 1, 1.0, 25, 0, 0.0, 25, 1, 1.0, 25, distilbert, glove
2, 0, 2, 25, 25.0, 25, 0, 1.5, 25, 1, 4.0, 25, 0, 3.0, 25, 1, 1.0, 25, distilbert, glove
3, 1, 2, 11, 20.333333333333332, 25, 0, 2.0, 25, 1, 5.333333333333333, 25, 0, 3.6666666666666665, 25, 0, 0.6666666666666666, 25, distilbert, glove
4, 2, 2, 6, 16.75, 25, 0, 1.75, 25, 1, 6.0, 25, 0, 3.0, 25, 0, 0.5, 25, distilbert, glove
5, 2, 3, 6, 18.4, 25, 0, 1.6, 25, 1, 5.4, 25, 0, 2.8, 25, 0, 0.6, 25, distilbert, glove
6, 2, 4, 6, 19.5, 25, 0, 2.1666666666666665, 25, 1, 5.666666666666667, 25, 0, 3.6666666666666665, 25, 0, 0.6666666666666666, 25, distilbert, glove
7, 2, 5, 6, 20.285714285714285, 25, 0, 2.857142857142857, 25, 1, 5.857142857142857, 25, 0, 4.285714285714286, 25, 0, 0.5714285714285714, 25, distilbert, glove
8, 3, 5, 6, 19.5, 25, 0, 2.75, 25, 1, 6.125, 25, 0, 4.875, 25, 0, 0.5, 25, distilbert, glove
9, 3, 6, 6, 20.11111111111111, 25, 0, 2.4444444444444446, 25, 1, 5.555555555555555, 25, 0, 4.444444444444445, 25, 0, 0.5555555555555556, 25, distilbert, glove
10, 3, 7, 6, 20.6, 25, 0, 2.5, 25, 1, 5.6, 25, 0, 4.3, 25, 0, 0.6, 25, distilbert, glove
11, 3, 8, 6, 21.0, 25, 0, 2.5454545454545454, 25, 1, 5.2727272727272725, 25, 0, 4.090909090909091, 25, 0, 0.6363636363636364, 25, distilbert, glove
12, 3, 9, 6, 21.333333333333332, 25, 0, 2.4166666666666665, 25, 1, 4.916666666666667, 25, 0, 3.8333333333333335, 25, 0, 0.6666666666666666, 25, distilbert, glove
13, 3, 10, 6, 21.615384615384617, 25, 0, 2.3076923076923075, 25, 1, 4.769230769230769, 25, 0, 3.769230769230769, 25, 0, 0.6923076923076923, 25, distilbert, glove
14, 4, 10, 6, 21.214285714285715, 25, 0, 2.5714285714285716, 25, 1, 5.0, 25, 0, 4.0, 25, 0, 0.6428571428571429, 25, distilbert, glove
15, 5, 10, 6, 20.666666666666668, 25, 0, 2.8, 25, 1, 5.2, 25, 0, 4.0, 25, 0, 0.6, 25, distilbert, glove
16, 6, 10, 6, 19.8125, 25, 0, 2.6875, 25, 1, 5.375, 25, 0, 3.8125, 25, 0, 0.5625, 25, distilbert, glove
17, 6, 11, 6, 20.11764705882353, 25, 0, 2.6470588235294117, 25, 1, 5.352941176470588, 25, 0, 3.764705882352941, 25, 0, 0.5882352941176471, 25, distilbert, glove
18, 7, 11, 6, 19.666666666666668, 25, 0, 2.7777777777777777, 25, 1, 5.5, 25, 0, 3.8333333333333335, 25, 0, 0.5555555555555556, 25, distilbert, glove
19, 7, 12, 6, 19.94736842105263, 25, 0, 2.6315789473684212, 25, 1, 5.2631578947368425, 25, 0, 3.6315789473684212, 25, 0, 0.5789473684210527, 25, distilbert, glove
20, 7, 13, 6, 20.2, 25, 0, 2.65, 25, 1, 5.25, 25, 0, 3.7, 25, 0, 0.6, 25, distilbert, glove
21, 7, 14, 6, 20.428571428571427, 25, 0, 2.857142857142857, 25, 1, 5.333333333333333, 25, 0, 3.761904761904762, 25, 0, 0.5714285714285714, 25, distilbert, glove
22, 7, 15, 6, 20.636363636363637, 25, 0, 2.8181818181818183, 25, 1, 5.318181818181818, 25, 0, 3.6818181818181817, 25, 0, 0.5909090909090909, 25, distilbert, glove
23, 7, 16, 6, 20.82608695652174, 25, 0, 3.0, 25, 1, 5.3478260869565215, 25, 0, 3.739130434782609, 25, 0, 0.5652173913043478, 25, distilbert, glove
24, 7, 17, 6, 21.0, 25, 0, 2.875, 25, 0, 5.125, 25, 0, 3.5833333333333335, 25, 0, 0.5833333333333334, 25, distilbert, glove
25, 7, 18, 6, 21.16, 25, 0, 2.84, 25, 0, 4.96, 25, 0, 3.44, 25, 0, 0.6, 25, distilbert, glove
26, 7, 19, 6, 21.307692307692307, 25, 0, 2.8076923076923075, 25, 0, 5.0, 25, 0, 3.5384615384615383, 25, 0, 0.6153846153846154, 25, distilbert, glove
27, 8, 19, 6, 21.037037037037038, 25, 0, 2.925925925925926, 25, 0, 5.111111111111111, 25, 0, 3.6666666666666665, 25, 0, 0.5925925925925926, 25, distilbert, glove
28, 8, 20, 6, 21.178571428571427, 25, 0, 3.0714285714285716, 25, 0, 5.107142857142857, 25, 0, 3.6785714285714284, 25, 0, 0.5714285714285714, 25, distilbert, glove
29, 9, 20, 6, 20.689655172413794, 25, 0, 3.0689655172413794, 25, 0, 5.206896551724138, 25, 0, 3.6206896551724137, 25, 0, 0.5517241379310345, 25, distilbert, glove
30, 10, 20, 6, 20.3, 25, 0, 3.033333333333333, 25, 0, 5.3, 25, 0, 3.6666666666666665, 25, 0, 0.5333333333333333, 25, distilbert, glove
31, 10, 21, 6, 20.451612903225808, 25, 0, 3.0, 25, 0, 5.290322580645161, 25, 0, 3.5806451612903225, 25, 0, 0.5483870967741935, 25, distilbert, glove
1, 0, 1, 25, 25.0, 25, 4, 4.0, 25, 7, 7.0, 25, 2, 2.0, 25, 1, 1.0, 25, glove_03, bert
2, 1, 1, 9, 17.0, 25, 0, 2.0, 25, 7, 7.5, 25, 1, 1.5, 25, 0, 0.5, 25, glove_03, bert
3, 2, 1, 9, 18.0, 25, 0, 3.0, 25, 7, 7.666666666666667, 25, 1, 3.3333333333333335, 25, 0, 0.3333333333333333, 25, glove_03, bert
4, 2, 2, 9, 19.75, 25, 0, 2.25, 25, 2, 6.25, 25, 1, 3.0, 25, 0, 0.5, 25, glove_03, bert
5, 3, 2, 9, 18.2, 25, 0, 2.2, 25, 2, 6.6, 25, 1, 2.8, 25, 0, 0.4, 25, glove_03, bert
6, 4, 2, 9, 17.5, 25, 0, 2.3333333333333335, 25, 2, 6.833333333333333, 25, 1, 2.8333333333333335, 25, 0, 0.3333333333333333, 25, glove_03, bert
7, 5, 2, 9, 17.428571428571427, 25, 0, 2.5714285714285716, 25, 2, 7.0, 25, 1, 3.142857142857143, 25, 0, 0.2857142857142857, 25, glove_03, bert
8, 6, 2, 9, 16.875, 25, 0, 2.5, 25, 2, 7.125, 25, 1, 3.125, 25, 0, 0.25, 25, glove_03, bert
9, 6, 3, 9, 17.77777777777778, 25, 0, 2.2222222222222223, 25, 2, 6.666666666666667, 25, 1, 2.888888888888889, 25, 0, 0.3333333333333333, 25, glove_03, bert
10, 7, 3, 9, 17.6, 25, 0, 2.2, 25, 2, 6.8, 25, 1, 3.2, 25, 0, 0.3, 25, glove_03, bert
11, 8, 3, 9, 17.727272727272727, 25, 0, 2.3636363636363638, 25, 2, 6.909090909090909, 25, 1, 3.5454545454545454, 25, 0, 0.2727272727272727, 25, glove_03, bert
12, 9, 3, 9, 17.416666666666668, 25, 0, 2.5, 25, 2, 7.0, 25, 1, 3.4166666666666665, 25, 0, 0.25, 25, glove_03, bert
13, 9, 4, 9, 18.0, 25, 0, 2.6153846153846154, 25, 2, 7.0, 25, 1, 3.3076923076923075, 25, 0, 0.3076923076923077, 25, glove_03, bert
14, 9, 5, 9, 18.5, 25, 0, 2.5714285714285716, 25, 2, 6.857142857142857, 25, 1, 3.357142857142857, 25, 0, 0.35714285714285715, 25, glove_03, bert
15, 10, 5, 9, 18.2, 25, 0, 2.6, 25, 2, 6.933333333333334, 25, 1, 3.3333333333333335, 25, 0, 0.3333333333333333, 25, glove_03, bert
16, 10, 6, 9, 18.625, 25, 0, 2.6875, 25, 2, 6.9375, 25, 1, 3.4375, 25, 0, 0.375, 25, glove_03, bert
17, 10, 7, 9, 19.0, 25, 0, 2.6470588235294117, 25, 2, 6.9411764705882355, 25, 1, 3.2941176470588234, 25, 0, 0.4117647058823529, 25, glove_03, bert
18, 10, 8, 9, 19.333333333333332, 25, 0, 2.6666666666666665, 25, 2, 6.722222222222222, 25, 1, 3.2222222222222223, 25, 0, 0.4444444444444444, 25, glove_03, bert
19, 10, 9, 9, 19.63157894736842, 25, 0, 2.6315789473684212, 25, 2, 6.631578947368421, 25, 1, 3.1052631578947367, 25, 0, 0.47368421052631576, 25, glove_03, bert
20, 10, 10, 9, 19.9, 25, 0, 2.55, 25, 2, 6.4, 25, 0, 2.95, 25, 0, 0.5, 25, glove_03, bert
21, 11, 10, 9, 19.428571428571427, 25, 0, 2.4761904761904763, 25, 2, 6.476190476190476, 25, 0, 2.857142857142857, 25, 0, 0.47619047619047616, 25, glove_03, bert
22, 12, 10, 9, 19.227272727272727, 25, 0, 2.5, 25, 2, 6.545454545454546, 25, 0, 2.909090909090909, 25, 0, 0.45454545454545453, 25, glove_03, bert
23, 13, 10, 9, 19.0, 25, 0, 2.4782608695652173, 25, 2, 6.608695652173913, 25, 0, 3.0, 25, 0, 0.43478260869565216, 25, glove_03, bert
24, 13, 11, 9, 19.25, 25, 0, 2.5833333333333335, 25, 2, 6.541666666666667, 25, 0, 3.0416666666666665, 25, 0, 0.4583333333333333, 25, glove_03, bert
25, 13, 12, 9, 19.48, 25, 0, 2.52, 25, 2, 6.36, 25, 0, 2.96, 25, 0, 0.48, 25, glove_03, bert
26, 14, 12, 9, 19.346153846153847, 25, 0, 2.576923076923077, 25, 2, 6.423076923076923, 25, 0, 3.0, 25, 0, 0.46153846153846156, 25, glove_03, bert
27, 15, 12, 9, 19.37037037037037, 25, 0, 2.6666666666666665, 25, 2, 6.481481481481482, 25, 0, 3.1481481481481484, 25, 0, 0.4444444444444444, 25, glove_03, bert
28, 15, 13, 9, 19.571428571428573, 25, 0, 2.8214285714285716, 25, 2, 6.5, 25, 0, 3.142857142857143, 25, 0, 0.42857142857142855, 25, glove_03, bert
29, 15, 14, 9, 19.75862068965517, 25, 0, 2.793103448275862, 25, 2, 6.517241379310345, 25, 0, 3.1724137931034484, 25, 0, 0.4482758620689655, 25, glove_03, bert
30, 16, 14, 9, 19.8, 25, 0, 2.8666666666666667, 25, 2, 6.566666666666666, 25, 0, 3.3333333333333335, 25, 0, 0.43333333333333335, 25, glove_03, bert
31, 17, 14, 9, 19.903225806451612, 25, 0, 2.967741935483871, 25, 2, 6.612903225806452, 25, 0, 3.5161290322580645, 25, 0, 0.41935483870967744, 25, glove_03, bert
1, 0, 1, 25, 25.0, 25, 3, 3.0, 25, 0, 0.0, 25, 1, 1.0, 25, 1, 1.0, 25, glove_03, roberta
2, 0, 2, 25, 25.0, 25, 2, 2.5, 25, 0, 1.5, 25, 1, 1.5, 25, 1, 1.0, 25, glove_03, roberta
3, 0, 3, 25, 25.0, 25, 0, 1.6666666666666667, 25, 0, 1.3333333333333333, 25, 1, 1.3333333333333333, 25, 1, 1.0, 25, glove_03, roberta
4, 0, 4, 25, 25.0, 25, 0, 2.25, 25, 0, 2.5, 25, 1, 1.5, 25, 1, 1.0, 25, glove_03, roberta
5, 0, 5, 25, 25.0, 25, 0, 2.2, 25, 0, 2.8, 25, 1, 1.8, 25, 1, 1.0, 25, glove_03, roberta
6, 0, 6, 25, 25.0, 25, 0, 2.1666666666666665, 25, 0, 3.3333333333333335, 25, 1, 1.8333333333333333, 25, 1, 1.0, 25, glove_03, roberta
7, 1, 6, 14, 23.428571428571427, 25, 0, 2.2857142857142856, 25, 0, 4.0, 25, 1, 2.0, 25, 0, 0.8571428571428571, 25, glove_03, roberta
8, 1, 7, 14, 23.625, 25, 0, 2.5, 25, 0, 3.75, 25, 1, 2.125, 25, 0, 0.875, 25, glove_03, roberta
9, 2, 7, 14, 23.444444444444443, 25, 0, 2.888888888888889, 25, 0, 4.222222222222222, 25, 1, 2.7777777777777777, 25, 0, 0.7777777777777778, 25, glove_03, roberta
10, 2, 8, 14, 23.6, 25, 0, 3.1, 25, 0, 4.3, 25, 1, 3.1, 25, 0, 0.8, 25, glove_03, roberta
11, 2, 9, 14, 23.727272727272727, 25, 0, 2.909090909090909, 25, 0, 3.909090909090909, 25, 1, 3.0, 25, 0, 0.8181818181818182, 25, glove_03, roberta
12, 2, 10, 14, 23.833333333333332, 25, 0, 2.8333333333333335, 25, 0, 3.8333333333333335, 25, 0, 2.75, 25, 0, 0.8333333333333334, 25, glove_03, roberta
13, 2, 11, 14, 23.923076923076923, 25, 0, 2.6923076923076925, 25, 0, 3.6153846153846154, 25, 0, 2.6153846153846154, 25, 0, 0.8461538461538461, 25, glove_03, roberta
14, 2, 12, 14, 24.0, 25, 0, 2.7857142857142856, 25, 0, 3.642857142857143, 25, 0, 2.7857142857142856, 25, 0, 0.8571428571428571, 25, glove_03, roberta
15, 2, 13, 14, 24.066666666666666, 25, 0, 2.8666666666666667, 25, 0, 3.6, 25, 0, 2.933333333333333, 25, 0, 0.8666666666666667, 25, glove_03, roberta
16, 2, 14, 14, 24.125, 25, 0, 2.875, 25, 0, 3.6875, 25, 0, 3.0625, 25, 0, 0.875, 25, glove_03, roberta
17, 2, 15, 14, 24.176470588235293, 25, 0, 2.764705882352941, 25, 0, 3.4705882352941178, 25, 0, 2.9411764705882355, 25, 0, 0.8823529411764706, 25, glove_03, roberta
18, 2, 16, 14, 24.22222222222222, 25, 0, 2.6666666666666665, 25, 0, 3.4444444444444446, 25, 0, 2.9444444444444446, 25, 0, 0.8888888888888888, 25, glove_03, roberta
19, 2, 17, 14, 24.263157894736842, 25, 0, 2.736842105263158, 25, 0, 3.6315789473684212, 25, 0, 3.0, 25, 0, 0.8947368421052632, 25, glove_03, roberta
20, 3, 17, 14, 23.85, 25, 0, 2.7, 25, 0, 3.85, 25, 0, 3.15, 25, 0, 0.85, 25, glove_03, roberta
21, 4, 17, 14, 23.571428571428573, 25, 0, 2.8095238095238093, 25, 0, 4.0476190476190474, 25, 0, 3.238095238095238, 25, 0, 0.8095238095238095, 25, glove_03, roberta
22, 4, 18, 14, 23.636363636363637, 25, 0, 2.727272727272727, 25, 0, 4.090909090909091, 25, 0, 3.1818181818181817, 25, 0, 0.8181818181818182, 25, glove_03, roberta
23, 4, 19, 14, 23.695652173913043, 25, 0, 2.6956521739130435, 25, 0, 3.9130434782608696, 25, 0, 3.130434782608696, 25, 0, 0.8260869565217391, 25, glove_03, roberta
24, 4, 20, 14, 23.75, 25, 0, 2.7083333333333335, 25, 0, 3.8333333333333335, 25, 0, 3.125, 25, 0, 0.8333333333333334, 25, glove_03, roberta
25, 4, 21, 14, 23.8, 25, 0, 2.6, 25, 0, 3.8, 25, 0, 3.24, 25, 0, 0.84, 25, glove_03, roberta
26, 4, 22, 14, 23.846153846153847, 25, 0, 2.5, 25, 0, 3.730769230769231, 25, 0, 3.1538461538461537, 25, 0, 0.8461538461538461, 25, glove_03, roberta
27, 4, 23, 14, 23.88888888888889, 25, 0, 2.6296296296296298, 25, 0, 3.7777777777777777, 25, 0, 3.2222222222222223, 25, 0, 0.8518518518518519, 25, glove_03, roberta
28, 4, 24, 14, 23.928571428571427, 25, 0, 2.7857142857142856, 25, 0, 3.857142857142857, 25, 0, 3.357142857142857, 25, 0, 0.8214285714285714, 25, glove_03, roberta
29, 4, 25, 14, 23.96551724137931, 25, 0, 2.793103448275862, 25, 0, 3.8275862068965516, 25, 0, 3.310344827586207, 25, 0, 0.8275862068965517, 25, glove_03, roberta
30, 4, 26, 14, 24.0, 25, 0, 2.933333333333333, 25, 0, 3.933333333333333, 25, 0, 3.2666666666666666, 25, 0, 0.8, 25, glove_03, roberta
31, 5, 26, 14, 23.806451612903224, 25, 0, 3.0, 25, 0, 4.064516129032258, 25, 0, 3.3225806451612905, 25, 0, 0.7741935483870968, 25, glove_03, roberta
1, 1, 0, 14, 14.0, 14, 2, 2.0, 14, 8, 8.0, 14, 4, 4.0, 14, 0, 0.0, 14, glove_03, distilbert
2, 1, 1, 14, 19.5, 25, 2, 2.5, 25, 4, 6.0, 25, 3, 3.5, 25, 0, 0.5, 25, glove_03, distilbert
3, 2, 1, 13, 17.333333333333332, 25, 1, 2.0, 25, 4, 6.666666666666667, 25, 3, 3.6666666666666665, 25, 0, 0.3333333333333333, 25, glove_03, distilbert
4, 3, 1, 13, 16.5, 25, 1, 1.75, 25, 4, 7.0, 25, 3, 4.0, 25, 0, 0.25, 25, glove_03, distilbert
5, 3, 2, 13, 18.2, 25, 0, 1.4, 25, 0, 5.6, 25, 2, 3.6, 25, 0, 0.4, 25, glove_03, distilbert
6, 4, 2, 13, 17.333333333333332, 25, 0, 1.6666666666666667, 25, 0, 6.0, 25, 2, 3.3333333333333335, 25, 0, 0.3333333333333333, 25, glove_03, distilbert
7, 5, 2, 13, 17.285714285714285, 25, 0, 2.0, 25, 0, 6.285714285714286, 25, 2, 3.5714285714285716, 25, 0, 0.2857142857142857, 25, glove_03, distilbert
8, 5, 3, 13, 18.25, 25, 0, 2.25, 25, 0, 5.875, 25, 2, 3.625, 25, 0, 0.375, 25, glove_03, distilbert
9, 5, 4, 13, 19.0, 25, 0, 2.2222222222222223, 25, 0, 5.777777777777778, 25, 2, 4.111111111111111, 25, 0, 0.4444444444444444, 25, glove_03, distilbert
10, 6, 4, 13, 18.5, 25, 0, 2.2, 25, 0, 6.0, 25, 2, 4.1, 25, 0, 0.4, 25, glove_03, distilbert
11, 6, 5, 13, 19.09090909090909, 25, 0, 2.3636363636363638, 25, 0, 6.090909090909091, 25, 2, 4.363636363636363, 25, 0, 0.45454545454545453, 25, glove_03, distilbert
12, 6, 6, 13, 19.583333333333332, 25, 0, 2.4166666666666665, 25, 0, 6.166666666666667, 25, 2, 4.416666666666667, 25, 0, 0.5, 25, glove_03, distilbert
13, 7, 6, 13, 19.23076923076923, 25, 0, 2.5384615384615383, 25, 0, 6.3076923076923075, 25, 2, 4.3076923076923075, 25, 0, 0.46153846153846156, 25, glove_03, distilbert
14, 7, 7, 13, 19.642857142857142, 25, 0, 2.7142857142857144, 25, 0, 6.357142857142857, 25, 2, 4.214285714285714, 25, 0, 0.5, 25, glove_03, distilbert
15, 8, 7, 13, 19.533333333333335, 25, 0, 2.8, 25, 0, 6.466666666666667, 25, 2, 4.333333333333333, 25, 0, 0.4666666666666667, 25, glove_03, distilbert
16, 9, 7, 13, 19.1875, 25, 0, 2.75, 25, 0, 6.5625, 25, 2, 4.3125, 25, 0, 0.4375, 25, glove_03, distilbert
17, 9, 8, 13, 19.529411764705884, 25, 0, 2.764705882352941, 25, 0, 6.588235294117647, 25, 2, 4.294117647058823, 25, 0, 0.47058823529411764, 25, glove_03, distilbert
18, 10, 8, 8, 18.88888888888889, 25, 0, 2.611111111111111, 25, 0, 6.666666666666667, 25, 0, 4.055555555555555, 25, 0, 0.4444444444444444, 25, glove_03, distilbert
19, 11, 8, 8, 18.894736842105264, 25, 0, 2.6842105263157894, 25, 0, 6.7368421052631575, 25, 0, 4.2105263157894735, 25, 0, 0.42105263157894735, 25, glove_03, distilbert
20, 12, 8, 8, 18.5, 25, 0, 2.55, 25, 0, 6.8, 25, 0, 4.15, 25, 0, 0.4, 25, glove_03, distilbert
21, 13, 8, 8, 18.333333333333332, 25, 0, 2.5714285714285716, 25, 0, 6.857142857142857, 25, 0, 4.142857142857143, 25, 0, 0.38095238095238093, 25, glove_03, distilbert
1, 1, 0, 9, 9.0, 9, 1, 1.0, 9, 8, 8.0, 9, 0, 0.0, 9, 0, 0.0, 9, glove_03, distilbert
2, 2, 0, 9, 13.0, 17, 1, 3.5, 17, 8, 8.0, 17, 0, 1.5, 17, 0, 0.0, 17, glove_03, distilbert
3, 3, 0, 8, 11.333333333333334, 17, 0, 2.3333333333333335, 17, 8, 8.0, 17, 0, 1.0, 17, 0, 0.0, 17, glove_03, distilbert
4, 3, 1, 8, 14.75, 25, 0, 3.0, 25, 5, 7.25, 25, 0, 2.0, 25, 0, 0.25, 25, glove_03, distilbert
5, 4, 1, 8, 14.2, 25, 0, 2.8, 25, 5, 7.4, 25, 0, 2.0, 25, 0, 0.2, 25, glove_03, distilbert
6, 5, 1, 8, 13.833333333333334, 25, 0, 2.5, 25, 5, 7.5, 25, 0, 2.1666666666666665, 25, 0, 0.16666666666666666, 25, glove_03, distilbert
7, 6, 1, 8, 13.571428571428571, 25, 0, 2.4285714285714284, 25, 5, 7.571428571428571, 25, 0, 2.142857142857143, 25, 0, 0.14285714285714285, 25, glove_03, distilbert
8, 6, 2, 8, 15.0, 25, 0, 2.25, 25, 2, 6.875, 25, 0, 2.25, 25, 0, 0.25, 25, glove_03, distilbert
9, 6, 3, 8, 16.11111111111111, 25, 0, 2.4444444444444446, 25, 2, 6.888888888888889, 25, 0, 2.4444444444444446, 25, 0, 0.3333333333333333, 25, glove_03, distilbert
10, 7, 3, 8, 16.2, 25, 0, 2.7, 25, 2, 7.0, 25, 0, 2.6, 25, 0, 0.3, 25, glove_03, distilbert
1, 1, 0, 8, 8.0, 8, 0, 0.0, 8, 8, 8.0, 8, 0, 0.0, 8, 0, 0.0, 8, glove_03, glove
2, 2, 0, 7, 7.5, 8, 0, 0.0, 8, 8, 8.0, 8, 0, 0.0, 8, 0, 0.0, 8, glove_03, glove
3, 3, 0, 7, 7.666666666666667, 8, 0, 0.0, 8, 8, 8.0, 8, 0, 0.0, 8, 0, 0.0, 8, glove_03, glove
4, 4, 0, 7, 7.75, 8, 0, 0.0, 8, 8, 8.0, 8, 0, 0.0, 8, 0, 0.0, 8, glove_03, glove
5, 5, 0, 7, 7.8, 8, 0, 0.0, 8, 8, 8.0, 8, 0, 0.0, 8, 0, 0.0, 8, glove_03, glove
6, 6, 0, 7, 7.833333333333333, 8, 0, 0.0, 8, 8, 8.0, 8, 0, 0.0, 8, 0, 0.0, 8, glove_03, glove
7, 7, 0, 7, 7.857142857142857, 8, 0, 0.0, 8, 8, 8.0, 8, 0, 0.0, 8, 0, 0.0, 8, glove_03, glove
8, 8, 0, 7, 7.875, 8, 0, 0.0, 8, 8, 8.0, 8, 0, 0.0, 8, 0, 0.0, 8, glove_03, glove
9, 9, 0, 7, 7.888888888888889, 8, 0, 0.0, 8, 8, 8.0, 8, 0, 0.0, 8, 0, 0.0, 8, glove_03, glove
10, 10, 0, 7, 7.9, 8, 0, 0.0, 8, 8, 8.0, 8, 0, 0.0, 8, 0, 0.0, 8, glove_03, glove
11, 11, 0, 7, 7.909090909090909, 8, 0, 0.0, 8, 8, 8.0, 8, 0, 0.0, 8, 0, 0.0, 8, glove_03, glove
12, 12, 0, 7, 7.833333333333333, 8, 0, 0.0, 8, 8, 8.0, 8, 0, 0.0, 8, 0, 0.0, 8, glove_03, glove
13, 13, 0, 7, 7.846153846153846, 8, 0, 0.0, 8, 8, 8.0, 8, 0, 0.0, 8, 0, 0.0, 8, glove_03, glove
14, 14, 0, 7, 7.857142857142857, 8, 0, 0.0, 8, 8, 8.0, 8, 0, 0.0, 8, 0, 0.0, 8, glove_03, glove
15, 15, 0, 7, 7.866666666666666, 8, 0, 0.0, 8, 8, 8.0, 8, 0, 0.0, 8, 0, 0.0, 8, glove_03, glove
16, 16, 0, 7, 7.875, 8, 0, 0.0, 8, 8, 8.0, 8, 0, 0.0, 8, 0, 0.0, 8, glove_03, glove
17, 17, 0, 7, 7.882352941176471, 8, 0, 0.0, 8, 8, 8.0, 8, 0, 0.0, 8, 0, 0.0, 8, glove_03, glove
18, 18, 0, 7, 7.833333333333333, 8, 0, 0.0, 8, 8, 8.0, 8, 0, 0.0, 8, 0, 0.0, 8, glove_03, glove
19, 19, 0, 7, 7.842105263157895, 8, 0, 0.0, 8, 8, 8.0, 8, 0, 0.0, 8, 0, 0.0, 8, glove_03, glove
20, 20, 0, 7, 7.8, 8, 0, 0.0, 8, 8, 8.0, 8, 0, 0.0, 8, 0, 0.0, 8, glove_03, glove
21, 21, 0, 7, 7.809523809523809, 8, 0, 0.0, 8, 8, 8.0, 8, 0, 0.0, 8, 0, 0.0, 8, glove_03, glove
22, 22, 0, 7, 7.818181818181818, 8, 0, 0.0, 8, 8, 8.0, 8, 0, 0.0, 8, 0, 0.0, 8, glove_03, glove
23, 23, 0, 7, 7.826086956521739, 8, 0, 0.0, 8, 8, 8.0, 8, 0, 0.0, 8, 0, 0.0, 8, glove_03, glove
24, 24, 0, 7, 7.833333333333333, 8, 0, 0.0, 8, 8, 8.0, 8, 0, 0.0, 8, 0, 0.0, 8, glove_03, glove
25, 25, 0, 7, 7.8, 8, 0, 0.0, 8, 8, 8.0, 8, 0, 0.0, 8, 0, 0.0, 8, glove_03, glove
26, 26, 0, 7, 7.8076923076923075, 8, 0, 0.0, 8, 8, 8.0, 8, 0, 0.0, 8, 0, 0.0, 8, glove_03, glove
27, 27, 0, 7, 7.814814814814815, 8, 0, 0.0, 8, 8, 8.0, 8, 0, 0.0, 8, 0, 0.0, 8, glove_03, glove
28, 28, 0, 7, 7.821428571428571, 8, 0, 0.0, 8, 8, 8.0, 8, 0, 0.0, 8, 0, 0.0, 8, glove_03, glove
29, 29, 0, 7, 7.827586206896552, 8, 0, 0.0, 8, 8, 8.0, 8, 0, 0.0, 8, 0, 0.0, 8, glove_03, glove
30, 30, 0, 7, 7.833333333333333, 8, 0, 0.0, 8, 8, 8.0, 8, 0, 0.0, 8, 0, 0.0, 8, glove_03, glove
31, 31, 0, 7, 7.838709677419355, 8, 0, 0.0, 8, 8, 8.0, 8, 0, 0.0, 8, 0, 0.0, 8, glove_03, glove
1, 1, 0, 10, 10.0, 10, 2, 2.0, 10, 8, 8.0, 10, 4, 4.0, 10, 0, 0.0, 10, bert, glove
2, 2, 0, 8, 9.0, 10, 2, 2.0, 10, 8, 8.0, 10, 2, 3.0, 10, 0, 0.0, 10, bert, glove
3, 2, 1, 8, 14.333333333333334, 25, 0, 1.3333333333333333, 25, 0, 5.333333333333333, 25, 0, 2.0, 25, 0, 0.3333333333333333, 25, bert, glove
4, 2, 2, 8, 17.0, 25, 0, 1.75, 25, 0, 5.0, 25, 0, 2.25, 25, 0, 0.5, 25, bert, glove
5, 2, 3, 8, 18.6, 25, 0, 2.2, 25, 0, 4.8, 25, 0, 2.2, 25, 0, 0.6, 25, bert, glove
6, 2, 4, 8, 19.666666666666668, 25, 0, 2.5, 25, 0, 4.5, 25, 0, 2.3333333333333335, 25, 0, 0.6666666666666666, 25, bert, glove
7, 3, 4, 8, 19.142857142857142, 25, 0, 2.7142857142857144, 25, 0, 5.0, 25, 0, 3.142857142857143, 25, 0, 0.5714285714285714, 25, bert, glove
8, 3, 5, 8, 19.875, 25, 0, 2.375, 25, 0, 4.375, 25, 0, 2.75, 25, 0, 0.625, 25, bert, glove
9, 4, 5, 7, 18.444444444444443, 25, 0, 2.2222222222222223, 25, 0, 4.777777777777778, 25, 0, 2.6666666666666665, 25, 0, 0.5555555555555556, 25, bert, glove
10, 5, 5, 7, 17.7, 25, 0, 2.4, 25, 0, 5.1, 25, 0, 2.7, 25, 0, 0.5, 25, bert, glove
11, 5, 6, 7, 18.363636363636363, 25, 0, 2.3636363636363638, 25, 0, 5.181818181818182, 25, 0, 2.909090909090909, 25, 0, 0.5454545454545454, 25, bert, glove
12, 5, 7, 7, 18.916666666666668, 25, 0, 2.1666666666666665, 25, 0, 4.75, 25, 0, 2.6666666666666665, 25, 0, 0.5833333333333334, 25, bert, glove
13, 6, 7, 7, 18.53846153846154, 25, 0, 2.4615384615384617, 25, 0, 5.0, 25, 0, 2.923076923076923, 25, 0, 0.5384615384615384, 25, bert, glove
14, 6, 8, 7, 19.0, 25, 0, 2.4285714285714284, 25, 0, 5.071428571428571, 25, 0, 2.9285714285714284, 25, 0, 0.5714285714285714, 25, bert, glove
15, 7, 8, 7, 18.4, 25, 0, 2.4, 25, 0, 5.266666666666667, 25, 0, 3.0, 25, 0, 0.5333333333333333, 25, bert, glove
16, 8, 8, 7, 18.0625, 25, 0, 2.625, 25, 0, 5.4375, 25, 0, 3.0625, 25, 0, 0.5, 25, bert, glove
17, 8, 9, 7, 18.470588235294116, 25, 0, 2.4705882352941178, 25, 0, 5.411764705882353, 25, 0, 3.0, 25, 0, 0.5294117647058824, 25, bert, glove
18, 8, 10, 7, 18.833333333333332, 25, 0, 2.611111111111111, 25, 0, 5.444444444444445, 25, 0, 3.1666666666666665, 25, 0, 0.5555555555555556, 25, bert, glove
19, 8, 11, 7, 19.157894736842106, 25, 0, 2.5789473684210527, 25, 0, 5.526315789473684, 25, 0, 3.1578947368421053, 25, 0, 0.5789473684210527, 25, bert, glove
20, 9, 11, 7, 18.75, 25, 0, 2.65, 25, 0, 5.65, 25, 0, 3.2, 25, 0, 0.55, 25, bert, glove
21, 10, 11, 7, 18.285714285714285, 25, 0, 2.619047619047619, 25, 0, 5.761904761904762, 25, 0, 3.1904761904761907, 25, 0, 0.5238095238095238, 25, bert, glove
22, 10, 12, 7, 18.59090909090909, 25, 0, 2.6818181818181817, 25, 0, 5.681818181818182, 25, 0, 3.1363636363636362, 25, 0, 0.5454545454545454, 25, bert, glove
23, 10, 13, 7, 18.869565217391305, 25, 0, 2.5652173913043477, 25, 0, 5.434782608695652, 25, 0, 3.0434782608695654, 25, 0, 0.5652173913043478, 25, bert, glove
24, 10, 14, 7, 19.125, 25, 0, 2.4583333333333335, 25, 0, 5.291666666666667, 25, 0, 2.9166666666666665, 25, 0, 0.5833333333333334, 25, bert, glove
25, 11, 14, 7, 18.8, 25, 0, 2.56, 25, 0, 5.4, 25, 0, 2.96, 25, 0, 0.56, 25, bert, glove
26, 12, 14, 7, 18.346153846153847, 25, 0, 2.576923076923077, 25, 0, 5.5, 25, 0, 2.8461538461538463, 25, 0, 0.5384615384615384, 25, bert, glove
27, 13, 14, 7, 18.14814814814815, 25, 0, 2.6666666666666665, 25, 0, 5.592592592592593, 25, 0, 2.888888888888889, 25, 0, 0.5185185185185185, 25, bert, glove
28, 13, 15, 7, 18.392857142857142, 25, 0, 2.7857142857142856, 25, 0, 5.642857142857143, 25, 0, 3.0, 25, 0, 0.5357142857142857, 25, bert, glove
29, 14, 15, 7, 18.137931034482758, 25, 0, 2.8275862068965516, 25, 0, 5.724137931034483, 25, 0, 3.0344827586206895, 25, 0, 0.5172413793103449, 25, bert, glove
30, 15, 15, 7, 17.9, 25, 0, 2.7666666666666666, 25, 0, 5.8, 25, 0, 3.1333333333333333, 25, 0, 0.5, 25, bert, glove
31, 15, 16, 7, 18.129032258064516, 25, 0, 2.7419354838709675, 25, 0, 5.838709677419355, 25, 0, 3.225806451612903, 25, 0, 0.5161290322580645, 25, bert, glove
